Date,volume
2014-02-06,7249600
2014-02-07,730700
2014-02-10,302500
2014-02-11,198200
2014-02-12,145800
2014-02-13,243200
2014-02-14,153900
2014-02-18,53800
2014-02-19,30100
2014-02-20,136200
2014-02-21,61800
2014-02-24,98500
2014-02-25,89700
2014-02-26,112000
2014-02-27,226600
2014-02-28,130900
2014-03-03,599400
2014-03-04,228700
2014-03-05,145100
2014-03-06,905900
2014-03-07,500100
2014-03-10,174100
2014-03-11,345500
2014-03-12,351000
2014-03-13,265700
2014-03-14,262300
2014-03-17,299800
2014-03-18,299000
2014-03-19,261800
2014-03-20,192200
2014-03-21,1566100
2014-03-24,196600
2014-03-25,216700
2014-03-26,224800
2014-03-27,184400
2014-03-28,128500
2014-03-31,1582500
2014-04-01,297000
2014-04-02,189700
2014-04-03,159300
2014-04-04,423700
2014-04-07,92600
2014-04-08,126100
2014-04-09,150800
2014-04-10,134900
2014-04-11,103000
2014-04-14,49900
2014-04-15,91200
2014-04-16,50800
2014-04-17,79100
2014-04-21,38100
2014-04-22,121700
2014-04-23,95200
2014-04-24,88900
2014-04-25,291800
2014-04-28,99500
2014-04-29,59200
2014-04-30,113500
2014-05-01,68500
2014-05-02,160800
2014-05-05,111600
2014-05-06,184200
2014-05-07,77500
2014-05-08,155700
2014-05-09,99100
2014-05-12,271100
2014-05-13,122100
2014-05-14,68900
2014-05-15,64200
2014-05-16,108000
2014-05-19,104600
2014-05-20,317900
2014-05-21,96300
2014-05-22,284100
2014-05-23,62500
2014-05-27,65900
2014-05-28,96700
2014-05-29,193000
2014-05-30,424600
2014-06-02,168800
2014-06-03,160700
2014-06-04,178100
2014-06-05,103700
2014-06-06,149700
2014-06-09,103500
2014-06-10,148000
2014-06-11,63500
2014-06-12,85400
2014-06-13,80400
2014-06-16,214400
2014-06-17,67700
2014-06-18,61600
2014-06-19,67300
2014-06-20,303300
2014-06-23,78800
2014-06-24,90700
2014-06-25,70200
2014-06-26,79000
2014-06-27,232000
2014-06-30,98700
2014-07-01,292100
2014-07-02,248700
2014-07-03,22000
2014-07-07,99300
2014-07-08,154300
2014-07-09,29000
2014-07-10,44100
2014-07-11,52900
2014-07-14,50700
2014-07-15,113200
2014-07-16,40500
2014-07-17,48500
2014-07-18,97400
2014-07-21,44700
2014-07-22,38400
2014-07-23,28300
2014-07-24,97200
2014-07-25,56900
2014-07-28,71900
2014-07-29,89500
2014-07-30,47100
2014-07-31,111100
2014-08-01,85700
2014-08-04,61700
2014-08-05,76400
2014-08-06,131400
2014-08-07,98100
2014-08-08,96400
2014-08-11,126600
2014-08-12,60900
2014-08-13,71500
2014-08-14,78300
2014-08-15,73300
2014-08-18,28300
2014-08-19,56100
2014-08-20,21000
2014-08-21,79700
2014-08-22,86900
2014-08-25,56500
2014-08-26,48700
2014-08-27,34800
2014-08-28,54600
2014-08-29,39500
2014-09-02,247600
2014-09-03,96900
2014-09-04,18700
2014-09-05,28700
2014-09-08,40500
2014-09-09,94900
2014-09-10,37800
2014-09-11,246900
2014-09-12,195200
2014-09-15,226300
2014-09-16,282300
2014-09-17,185500
2014-09-18,150300
2014-09-19,305300
2014-09-22,165300
2014-09-23,320000
2014-09-24,118400
2014-09-25,101300
2014-09-26,47100
2014-09-29,57100
2014-09-30,91600
2014-10-01,129500
2014-10-02,41000
2014-10-03,74100
2014-10-06,59700
2014-10-07,22600
2014-10-08,48700
2014-10-09,30500
2014-10-10,77400
2014-10-13,86000
2014-10-14,118100
2014-10-15,86300
2014-10-16,33600
2014-10-17,30800
2014-10-20,172600
2014-10-21,27300
2014-10-22,25600
2014-10-23,30500
2014-10-24,30800
2014-10-27,20800
2014-10-28,59700
2014-10-29,30600
2014-10-30,65800
2014-10-31,454000
2014-11-03,65100
2014-11-04,53500
2014-11-05,175300
2014-11-06,61800
2014-11-07,178000
2014-11-10,35400
2014-11-11,53200
2014-11-12,25700
2014-11-13,40000
2014-11-14,42100
2014-11-17,38000
2014-11-18,84800
2014-11-19,72500
2014-11-20,80700
2014-11-21,73100
2014-11-24,37300
2014-11-25,57400
2014-11-26,53500
2014-11-28,29300
2014-12-01,186500
2014-12-02,170100
2014-12-03,44800
2014-12-04,56600
2014-12-05,29100
2014-12-08,58100
2014-12-09,59700
2014-12-10,92200
2014-12-11,58000
2014-12-12,58600
2014-12-15,55600
2014-12-16,165200
2014-12-17,128600
2014-12-18,76300
2014-12-19,140400
2014-12-22,217100
2014-12-23,322000
2014-12-24,173900
2014-12-26,56700
2014-12-29,152100
2014-12-30,34600
2014-12-31,48600
2015-01-02,150700
2015-01-05,90700
2015-01-06,143100
2015-01-07,99500
2015-01-08,54100
2015-01-09,49100
2015-01-12,57900
2015-01-13,61600
2015-01-14,163000
2015-01-15,45600
2015-01-16,63700
2015-01-20,90300
2015-01-21,50600
2015-01-22,146100
2015-01-23,39100
2015-01-26,55400
2015-01-27,60100
2015-01-28,39900
2015-01-29,57700
2015-01-30,145500
2015-02-02,61800
2015-02-03,79900
2015-02-04,79700
2015-02-05,82400
2015-02-06,60900
2015-02-09,35200
2015-02-10,30200
2015-02-11,19400
2015-02-12,39200
2015-02-13,62000
2015-02-17,13300
2015-02-18,51000
2015-02-19,21500
2015-02-20,57100
2015-02-23,23200
2015-02-24,27100
2015-02-25,28600
2015-02-26,27100
2015-02-27,31800
2015-03-02,122400
2015-03-03,68700
2015-03-04,76900
2015-03-05,29900
2015-03-06,84600
2015-03-09,96000
2015-03-10,65200
2015-03-11,66000
2015-03-12,55300
2015-03-13,124700
2015-03-16,44400
2015-03-17,78800
2015-03-18,59500
2015-03-19,66500
2015-03-20,209500
2015-03-23,58900
2015-03-24,91500
2015-03-25,111500
2015-03-26,69800
2015-03-27,88100
2015-03-30,79000
2015-03-31,161300
2015-04-01,149900
2015-04-02,30000
2015-04-06,48700
2015-04-07,50900
2015-04-08,54100
2015-04-09,86500
2015-04-10,25400
2015-04-13,32900
2015-04-14,34500
2015-04-15,49100
2015-04-16,37700
2015-04-17,39000
2015-04-20,123700
2015-04-21,95900
2015-04-22,49700
2015-04-23,61400
2015-04-24,52600
2015-04-27,72400
2015-04-28,78400
2015-04-29,102300
2015-04-30,222700
2015-05-01,454200
2015-05-04,223300
2015-05-05,258900
2015-05-06,113100
2015-05-07,166500
2015-05-08,119700
2015-05-11,196800
2015-05-12,357600
2015-05-13,117200
2015-05-14,105000
2015-05-15,120700
2015-05-18,133800
2015-05-19,201100
2015-05-20,127100
2015-05-21,103800
2015-05-22,151300
2015-05-26,216000
2015-05-27,108700
2015-05-28,209300
2015-05-29,457200
2015-06-01,227300
2015-06-02,201800
2015-06-03,377300
2015-06-04,188800
2015-06-05,103200
2015-06-08,127900
2015-06-09,96100
2015-06-10,124700
2015-06-11,120500
2015-06-12,55000
2015-06-15,234100
2015-06-16,256000
2015-06-17,173300
2015-06-18,288000
2015-06-19,473900
2015-06-22,191900
2015-06-23,285900
2015-06-24,226000
2015-06-25,351200
2015-06-26,1677600
2015-06-29,188700
2015-06-30,207300
2015-07-01,178100
2015-07-02,129000
2015-07-06,221000
2015-07-07,182600
2015-07-08,126600
2015-07-09,111100
2015-07-10,170100
2015-07-13,121700
2015-07-14,87400
2015-07-15,89300
2015-07-16,95800
2015-07-17,94100
2015-07-20,119700
2015-07-21,63900
2015-07-22,46200
2015-07-23,109000
2015-07-24,286500
2015-07-27,203100
2015-07-28,294000
2015-07-29,172600
2015-07-30,111300
2015-07-31,258500
2015-08-03,100800
2015-08-04,61100
2015-08-05,192200
2015-08-06,156900
2015-08-07,144100
2015-08-10,148100
2015-08-11,202500
2015-08-12,249700
2015-08-13,100100
2015-08-14,139800
2015-08-17,99100
2015-08-18,94700
2015-08-19,93200
2015-08-20,80000
2015-08-21,145900
2015-08-24,161300
2015-08-25,133700
2015-08-26,85700
2015-08-27,137100
2015-08-28,78400
2015-08-31,60200
2015-09-01,180100
2015-09-02,183200
2015-09-03,72300
2015-09-04,130600
2015-09-08,206000
2015-09-09,81000
2015-09-10,101000
2015-09-11,75500
2015-09-14,79600
2015-09-15,181900
2015-09-16,163300
2015-09-17,278100
2015-09-18,836600
2015-09-21,212900
2015-09-22,122600
2015-09-23,136100
2015-09-24,82100
2015-09-25,155400
2015-09-28,223100
2015-09-29,282400
2015-09-30,225000
2015-10-01,180000
2015-10-02,134900
2015-10-05,135000
2015-10-06,97100
2015-10-07,106000
2015-10-08,86600
2015-10-09,115400
2015-10-12,99500
2015-10-13,111800
2015-10-14,68400
2015-10-15,205100
2015-10-16,153500
2015-10-19,87200
2015-10-20,67200
2015-10-21,49200
2015-10-22,94000
2015-10-23,100400
2015-10-26,131800
2015-10-27,126900
2015-10-28,198400
2015-10-29,121500
2015-10-30,125500
2015-11-02,160400
2015-11-03,67400
2015-11-04,139100
2015-11-05,357400
2015-11-06,186100
2015-11-09,171700
2015-11-10,139100
2015-11-11,574700
2015-11-12,96600
2015-11-13,141300
2015-11-16,119700
2015-11-17,168300
2015-11-18,112000
2015-11-19,259200
2015-11-20,126200
2015-11-23,60900
2015-11-24,50100
2015-11-25,69000
2015-11-27,33600
2015-11-30,295000
2015-12-01,70000
2015-12-02,142700
2015-12-03,191000
2015-12-04,152600
2015-12-07,500600
2015-12-08,257800
2015-12-09,194500
2015-12-10,187100
2015-12-11,355500
2015-12-14,217400
2015-12-15,894400
2015-12-16,201000
2015-12-17,65700
2015-12-18,454400
2015-12-21,156900
2015-12-22,123200
2015-12-23,91300
2015-12-24,52100
2015-12-28,154400
2015-12-29,453600
2015-12-30,125000
2015-12-31,182200
2016-01-04,228100
2016-01-05,142600
2016-01-06,152600
2016-01-07,125300
2016-01-08,398600
2016-01-11,210100
2016-01-12,333200
2016-01-13,405100
2016-01-14,274100
2016-01-15,207400
2016-01-19,208500
2016-01-20,276800
2016-01-21,142600
2016-01-22,368900
2016-01-25,332300
2016-01-26,256200
2016-01-27,343200
2016-01-28,249700
2016-01-29,306100
2016-02-01,190300
2016-02-02,184400
2016-02-03,149200
2016-02-04,141000
2016-02-05,162800
2016-02-08,185500
2016-02-09,144500
2016-02-10,138700
2016-02-11,162000
2016-02-12,181600
2016-02-16,171000
2016-02-17,247900
2016-02-18,149500
2016-02-19,375700
2016-02-22,772800
2016-02-23,309200
2016-02-24,310800
2016-02-25,382300
2016-02-26,372000
2016-02-29,668000
2016-03-01,273300
2016-03-02,477700
2016-03-03,372500
2016-03-04,612500
2016-03-07,540500
2016-03-08,340000
2016-03-09,506600
2016-03-10,211500
2016-03-11,357000
2016-03-14,521100
2016-03-15,295100
2016-03-16,247000
2016-03-17,349200
2016-03-18,3226500
2016-03-21,326100
2016-03-22,273500
2016-03-23,229800
2016-03-24,200100
2016-03-28,134400
2016-03-29,297900
2016-03-30,212900
2016-03-31,492300
2016-04-01,201600
2016-04-04,247000
2016-04-05,147900
2016-04-06,133200
2016-04-07,186300
2016-04-08,112400
2016-04-11,97500
2016-04-12,133000
2016-04-13,261300
2016-04-14,113900
2016-04-15,89000
2016-04-18,103600
2016-04-19,175800
2016-04-20,180700
2016-04-21,185400
2016-04-22,177900
2016-04-25,122200
2016-04-26,146400
2016-04-27,163900
2016-04-28,137200
2016-04-29,146900
2016-05-02,109100
2016-05-03,186400
2016-05-04,261700
2016-05-05,134100
2016-05-06,246500
2016-05-09,207900
2016-05-10,193900
2016-05-11,133400
2016-05-12,106500
2016-05-13,226000
2016-05-16,137800
2016-05-17,221900
2016-05-18,496200
2016-05-19,157400
2016-05-20,168700
2016-05-23,140700
2016-05-24,162700
2016-05-25,149800
2016-05-26,139100
2016-05-27,73900
2016-05-31,312500
2016-06-01,182200
2016-06-02,124300
2016-06-03,185500
2016-06-06,187500
2016-06-07,142600
2016-06-08,261800
2016-06-09,223500
2016-06-10,230300
2016-06-13,311700
2016-06-14,292200
2016-06-15,166500
2016-06-16,188000
2016-06-17,834200
2016-06-20,235200
2016-06-21,118300
2016-06-22,116000
2016-06-23,157000
2016-06-24,838400
2016-06-27,332000
2016-06-28,183700
2016-06-29,179800
2016-06-30,193500
2016-07-01,232700
2016-07-05,257800
2016-07-06,161700
2016-07-07,109900
2016-07-08,126700
2016-07-11,171700
2016-07-12,213600
2016-07-13,123600
2016-07-14,188100
2016-07-15,108000
2016-07-18,114000
2016-07-19,118300
2016-07-20,739300
2016-07-21,321600
2016-07-22,247400
2016-07-25,237900
2016-07-26,287300
2016-07-27,250700
2016-07-28,437400
2016-07-29,251000
2016-08-01,174300
2016-08-02,154900
2016-08-03,195800
2016-08-04,259300
2016-08-05,359800
2016-08-08,207100
2016-08-09,268700
2016-08-10,134600
2016-08-11,164900
2016-08-12,116500
2016-08-15,99200
2016-08-16,131100
2016-08-17,77000
2016-08-18,227500
2016-08-19,212300
2016-08-22,156200
2016-08-23,200500
2016-08-24,122500
2016-08-25,100900
2016-08-26,147600
2016-08-29,61500
2016-08-30,102200
2016-08-31,191800
2016-09-01,115400
2016-09-02,588300
2016-09-06,609000
2016-09-07,380500
2016-09-08,386700
2016-09-09,437700
2016-09-12,392500
2016-09-13,285000
2016-09-14,452600
2016-09-15,162300
2016-09-16,406000
2016-09-19,111400
2016-09-20,105900
2016-09-21,186500
2016-09-22,247100
2016-09-23,145400
2016-09-26,165000
2016-09-27,138900
2016-09-28,135800
2016-09-29,175100
2016-09-30,180500
2016-10-03,152500
2016-10-04,225800
2016-10-05,213500
2016-10-06,240500
2016-10-07,195900
2016-10-10,190000
2016-10-11,173700
2016-10-12,172200
2016-10-13,200200
2016-10-14,227700
2016-10-17,126900
2016-10-18,144200
2016-10-19,143300
2016-10-20,244500
2016-10-21,195200
2016-10-24,117900
2016-10-25,93400
2016-10-26,101900
2016-10-27,120100
2016-10-28,128900
2016-10-31,291200
2016-11-01,240100
2016-11-02,338800
2016-11-03,214600
2016-11-04,497000
2016-11-07,483200
2016-11-08,228800
2016-11-09,274300
2016-11-10,390900
2016-11-11,450200
2016-11-14,322600
2016-11-15,159500
2016-11-16,168900
2016-11-17,203500
2016-11-18,210200
2016-11-21,179400
2016-11-22,205000
2016-11-23,222300
2016-11-25,84300
2016-11-28,231500
2016-11-29,202500
2016-11-30,289000
2016-12-01,222500
2016-12-02,1617200
2016-12-05,839900
2016-12-06,503900
2016-12-07,7597100
2016-12-08,1460500
2016-12-09,879300
2016-12-12,767800
2016-12-13,795300
2016-12-14,601300
2016-12-15,1458800
2016-12-16,1072400
2016-12-19,980400
2016-12-20,651300
2016-12-21,713200
2016-12-22,923900
2016-12-23,568900
2016-12-27,518700
2016-12-28,559000
2016-12-29,248600
2016-12-30,331400
2017-01-03,433900
2017-01-04,710800
2017-01-05,378300
2017-01-06,473000
2017-01-09,336000
2017-01-10,374800
2017-01-11,334000
2017-01-12,508800
2017-01-13,233600
2017-01-17,297700
2017-01-18,248700
2017-01-19,199200
2017-01-20,202900
2017-01-23,245500
2017-01-24,749000
2017-01-25,417400
2017-01-26,258100
2017-01-27,370000
2017-01-30,318500
2017-01-31,604400
2017-02-01,247900
2017-02-02,276000
2017-02-03,415000
2017-02-06,275300
2017-02-07,286000
2017-02-08,742700
2017-02-09,408800
2017-02-10,445900
2017-02-13,568600
2017-02-14,315000
2017-02-15,396800
2017-02-16,320500
2017-02-17,197000
2017-02-21,163400
2017-02-22,265000
2017-02-23,424100
2017-02-24,597300
2017-02-27,715000
2017-02-28,737000
2017-03-01,804400
2017-03-02,748000
2017-03-03,410000
2017-03-06,623000
2017-03-07,573800
2017-03-08,2552600
2017-03-09,642800
2017-03-10,517000
2017-03-13,564700
2017-03-14,565700
2017-03-15,516100
2017-03-16,400700
2017-03-17,1740700
2017-03-20,278300
2017-03-21,329300
2017-03-22,484200
2017-03-23,387700
2017-03-24,599800
2017-03-27,285500
2017-03-28,449500
2017-03-29,381900
2017-03-30,438800
2017-03-31,842200
2017-04-03,505300
2017-04-04,458700
2017-04-05,640200
2017-04-06,536500
2017-04-07,498500
2017-04-10,308900
2017-04-11,358800
2017-04-12,243500
2017-04-13,293800
2017-04-17,316900
2017-04-18,302500
2017-04-19,330100
2017-04-20,362600
2017-04-21,239500
2017-04-24,312500
2017-04-25,473100
2017-04-26,461100
2017-04-27,400200
2017-04-28,420600
2017-05-01,475400
2017-05-02,398700
2017-05-03,517000
2017-05-04,281600
2017-05-05,572900
2017-05-08,396000
2017-05-09,364600
2017-05-10,428500
2017-05-11,377600
2017-05-12,266000
2017-05-15,383700
2017-05-16,299800
2017-05-17,556200
2017-05-18,365800
2017-05-19,364100
2017-05-22,284900
2017-05-23,312900
2017-05-24,298000
2017-05-25,254400
2017-05-26,243800
2017-05-30,202000
2017-05-31,303000
2017-06-01,295900
2017-06-02,349000
2017-06-05,328800
2017-06-06,367500
2017-06-07,401700
2017-06-08,423200
2017-06-09,414600
2017-06-12,478400
2017-06-13,443700
2017-06-14,524700
2017-06-15,338500
2017-06-16,3142300
2017-06-19,749300
2017-06-20,224200
2017-06-21,279600
2017-06-22,410700
2017-06-23,3852700
2017-06-26,559300
2017-06-27,502400
2017-06-28,477400
2017-06-29,725300
2017-06-30,811900
2017-07-03,373800
2017-07-05,585000
2017-07-06,607300
2017-07-07,614300
2017-07-10,534100
2017-07-11,883000
2017-07-12,518000
2017-07-13,898400
2017-07-14,627800
2017-07-17,487800
2017-07-18,884500
2017-07-19,494800
2017-07-20,319500
2017-07-21,571600
2017-07-24,592400
2017-07-25,663000
2017-07-26,496300
2017-07-27,764300
2017-07-28,428200
2017-07-31,442600
2017-08-01,445200
2017-08-02,596300
2017-08-03,1166400
2017-08-04,752100
2017-08-07,514000
2017-08-08,474300
2017-08-09,375400
2017-08-10,509100
2017-08-11,521600
2017-08-14,368200
2017-08-15,287100
2017-08-16,324100
2017-08-17,432800
2017-08-18,574400
2017-08-21,397400
2017-08-22,332500
2017-08-23,565700
2017-08-24,275100
2017-08-25,335700
2017-08-28,333800
2017-08-29,387200
2017-08-30,268000
2017-08-31,453100
2017-09-01,479900
2017-09-05,1009400
2017-09-06,535800
2017-09-07,516000
2017-09-08,488500
2017-09-11,765900
2017-09-12,834700
2017-09-13,719100
2017-09-14,523000
2017-09-15,2243100
2017-09-18,573300
2017-09-19,515600
2017-09-20,386100
2017-09-21,424500
2017-09-22,621000
2017-09-25,533400
2017-09-26,522100
2017-09-27,791900
2017-09-28,449000
2017-09-29,783800
2017-10-02,537100
2017-10-03,1111700
2017-10-04,956100
2017-10-05,986600
2017-10-06,450000
2017-10-09,388200
2017-10-10,545100
2017-10-11,633500
2017-10-12,696600
2017-10-13,594200
2017-10-16,734200
2017-10-17,555400
2017-10-18,625600
2017-10-19,331400
2017-10-20,404700
2017-10-23,539800
2017-10-24,499400
2017-10-25,596500
2017-10-26,411600
2017-10-27,426000
2017-10-30,316300
2017-10-31,514800
2017-11-01,420900
2017-11-02,456400
2017-11-03,819000
2017-11-06,618100
2017-11-07,644700
2017-11-08,840300
2017-11-09,791800
2017-11-10,732700
2017-11-13,440300
2017-11-14,485600
2017-11-15,469000
2017-11-16,720000
2017-11-17,616200
2017-11-20,1089900
2017-11-21,705600
2017-11-22,583500
2017-11-24,397300
2017-11-27,3056300
2017-11-28,3714400
2017-11-29,1719200
2017-11-30,1300000
2017-12-01,1239400
2017-12-04,1841400
2017-12-05,1089800
2017-12-06,1022000
2017-12-07,1597100
2017-12-08,1148300
2017-12-11,1268100
2017-12-12,775100
2017-12-13,936200
2017-12-14,796100
2017-12-15,1756000
2017-12-18,1137400
2017-12-19,983300
2017-12-20,839000
2017-12-21,685900
2017-12-22,441800
2017-12-26,462300
2017-12-27,302400
2017-12-28,625600
2017-12-29,472300
2018-01-02,937100
2018-01-03,600000
2018-01-04,698400
2018-01-05,599800
2018-01-08,601400
2018-01-09,531400
2018-01-10,799200
2018-01-11,907000
2018-01-12,549300
2018-01-16,6279100
2018-01-17,2851200
2018-01-18,4215100
2018-01-19,1707900
2018-01-22,1838600
2018-01-23,2763700
2018-01-24,1415500
2018-01-25,1998900
2018-01-26,2630400
2018-01-29,1296400
2018-01-30,1623700
2018-01-31,1672700
2018-02-01,1885700
2018-02-02,1934600
2018-02-05,3100800
2018-02-06,1745200
2018-02-07,1698000
2018-02-08,1416100
2018-02-09,1523500
2018-02-12,1172000
2018-02-13,744600
2018-02-14,807400
2018-02-15,654300
2018-02-16,589300
2018-02-20,617000
2018-02-21,790100
2018-02-22,886500
2018-02-23,712300
2018-02-26,1094400
2018-02-27,1279500
2018-02-28,1604100
2018-03-01,1216400
2018-03-02,1384900
2018-03-05,1179800
2018-03-06,1342600
2018-03-07,1233600
2018-03-08,1192900
2018-03-09,1555900
2018-03-12,1367600
2018-03-13,2580200
2018-03-14,1371900
2018-03-15,1637700
2018-03-16,1757600
2018-03-19,1369700
2018-03-20,939600
2018-03-21,691200
2018-03-22,1072100
2018-03-23,1791800
2018-03-26,851600
2018-03-27,952600
2018-03-28,777300
2018-03-29,3608600
2018-04-02,1061100
2018-04-03,1065800
2018-04-04,1190500
2018-04-05,1016700
2018-04-06,668900
2018-04-09,480100
2018-04-10,2821000
2018-04-11,672400
2018-04-12,924700
2018-04-13,1037000
2018-04-16,1099700
2018-04-17,9409700
2018-04-18,1896200
2018-04-19,1199700
2018-04-20,907200
2018-04-23,1628900
2018-04-24,1744900
2018-04-25,782600
2018-04-26,652500
2018-04-27,579900
2018-04-30,425100
2018-05-01,1532600
2018-05-02,780500
2018-05-03,2556700
2018-05-04,2281400
2018-05-07,1219400
2018-05-08,828900
2018-05-09,1385100
2018-05-10,822000
2018-05-11,931600
2018-05-14,620400
2018-05-15,1367000
2018-05-16,915100
2018-05-17,1069900
2018-05-18,1211800
2018-05-21,631900
2018-05-22,727300
2018-05-23,550800
2018-05-24,587500
2018-05-25,872200
2018-05-29,898000
2018-05-30,1050000
2018-05-31,1445500
2018-06-01,905600
2018-06-04,1040600
2018-06-05,1315500
2018-06-06,869800
2018-06-07,705200
2018-06-08,892300
2018-06-11,586800
2018-06-12,662100
2018-06-13,791100
2018-06-14,721400
2018-06-15,1159200
2018-06-18,534300
2018-06-19,974000
2018-06-20,1035300
2018-06-21,881300
2018-06-22,2476700
2018-06-25,767100
2018-06-26,857500
2018-06-27,1481400
2018-06-28,1365300
2018-06-29,510900
2018-07-02,766100
2018-07-03,290000
2018-07-05,847300
2018-07-06,597000
2018-07-09,766400
2018-07-10,436300
2018-07-11,397200
2018-07-12,658200
2018-07-13,364000
2018-07-16,435000
2018-07-17,434200
2018-07-18,852600
2018-07-19,823000
2018-07-20,771000
2018-07-23,933200
2018-07-24,629500
2018-07-25,827200
2018-07-26,1165300
2018-07-27,714000
2018-07-30,641100
2018-07-31,997000
2018-08-01,1100000
2018-08-02,616600
2018-08-03,566500
2018-08-06,636900
2018-08-07,518700
2018-08-08,673000
2018-08-09,591000
2018-08-10,492400
2018-08-13,380900
2018-08-14,321900
2018-08-15,425200
2018-08-16,569800
2018-08-17,659000
2018-08-20,482200
2018-08-21,621000
2018-08-22,407700
2018-08-23,604300
2018-08-24,378500
2018-08-27,529400
2018-08-28,509700
2018-08-29,719100
2018-08-30,468900
2018-08-31,406800
2018-09-04,620200
2018-09-05,491300
2018-09-06,679200
2018-09-07,498400
2018-09-10,610800
2018-09-11,560800
2018-09-12,662300
2018-09-13,860600
2018-09-14,1035800
2018-09-17,508600
2018-09-18,571300
2018-09-19,983300
2018-09-20,640000
2018-09-21,1512700
2018-09-24,425800
2018-09-25,597500
2018-09-26,730500
2018-09-27,446500
2018-09-28,593100
2018-10-01,573200
2018-10-02,344000
2018-10-03,359300
2018-10-04,620200
2018-10-05,973200
2018-10-08,463600
2018-10-09,460900
2018-10-10,832700
2018-10-11,963700
2018-10-12,655700
2018-10-15,535100
2018-10-16,955600
2018-10-17,684100
2018-10-18,413100
2018-10-19,596200
2018-10-22,515700
2018-10-23,1279100
2018-10-24,1150600
2018-10-25,619100
2018-10-26,1223100
2018-10-29,794000
2018-10-30,402500
2018-10-31,662400
2018-11-01,550000
2018-11-02,1491300
2018-11-05,1277300
2018-11-06,917400
2018-11-07,1182800
2018-11-08,698000
2018-11-09,873100
2018-11-12,695500
2018-11-13,877500
2018-11-14,7250100
2018-11-15,2507900
2018-11-16,1436200
2018-11-19,1222800
2018-11-20,1450100
2018-11-21,1138300
2018-11-23,1343800
2018-11-26,1321800
2018-11-27,864500
2018-11-28,1052000
2018-11-29,712600
2018-11-30,1371100
2018-12-03,918300
2018-12-04,1357000
2018-12-06,2459200
2018-12-07,1123800
2018-12-10,1462100
2018-12-11,814900
2018-12-12,1133100
2018-12-13,775800
2018-12-14,924200
2018-12-17,1606000
2018-12-18,849700
2018-12-19,1155200
2018-12-20,2546300
2018-12-21,2138700
2018-12-24,767700
2018-12-26,1091900
2018-12-27,914100
2018-12-28,723500
2018-12-31,965600
2019-01-02,559700
2019-01-03,578100
2019-01-04,766500
2019-01-07,841400
2019-01-08,844300
2019-01-09,1116200
2019-01-10,810200
2019-01-11,794300
2019-01-14,673500
2019-01-15,477200
2019-01-16,577800
2019-01-17,516500
2019-01-18,699300
2019-01-22,821700
2019-01-23,564300
2019-01-24,447900
2019-01-25,613200
2019-01-28,503600
2019-01-29,622500
2019-01-30,605900
2019-01-31,929400
2019-02-01,527300
2019-02-04,481200
2019-02-05,528900
2019-02-06,393700
2019-02-07,481700
2019-02-08,431800
2019-02-11,435100
2019-02-12,529800
2019-02-13,490800
2019-02-14,489300
2019-02-15,621100
2019-02-19,612700
2019-02-20,807900
2019-02-21,1153600
2019-02-22,1004900
2019-02-25,1233000
2019-02-26,908400
2019-02-27,797300
2019-02-28,1285100
2019-03-01,1672800
2019-03-04,1368700
2019-03-05,1265400
2019-03-06,1542300
2019-03-07,1301100
2019-03-08,1076700
2019-03-11,931700
2019-03-12,1055600
2019-03-13,1158100
2019-03-14,913300
2019-03-15,1752500
2019-03-18,774000
2019-03-19,716600
2019-03-20,751000
2019-03-21,526700
2019-03-22,990300
2019-03-25,825500
2019-03-26,482600
2019-03-27,669200
2019-03-28,588000
2019-03-29,1245500
2019-04-01,909600
2019-04-02,661800
2019-04-03,689700
2019-04-04,642200
2019-04-05,844400
2019-04-08,456400
2019-04-09,540700
2019-04-10,499800
2019-04-11,603500
2019-04-12,625000
2019-04-15,524400
2019-04-16,567000
2019-04-17,567400
2019-04-18,411100
2019-04-22,546800
2019-04-23,854800
2019-04-24,880300
2019-04-25,778400
2019-04-26,429900
2019-04-29,408600
2019-04-30,802300
2019-05-01,463000
2019-05-02,380600
2019-05-03,619200
2019-05-06,440100
2019-05-07,564000
2019-05-08,2364500
2019-05-09,1433700
2019-05-10,613300
2019-05-13,634600
2019-05-14,549700
2019-05-15,685300
2019-05-16,771200
2019-05-17,607000
2019-05-20,533200
2019-05-21,667800
2019-05-22,763200
2019-05-23,965800
2019-05-24,548300
2019-05-28,1178200
2019-05-29,858900
2019-05-30,825200
2019-05-31,1549000
2019-06-03,669300
2019-06-04,881400
2019-06-05,974100
2019-06-06,821800
2019-06-07,902500
2019-06-10,819800
2019-06-11,796500
2019-06-12,620900
2019-06-13,787700
2019-06-14,661600
2019-06-17,841000
2019-06-18,561900
2019-06-19,694800
2019-06-20,953800
2019-06-21,1089100
2019-06-24,550200
2019-06-25,683400
2019-06-26,828000
2019-06-27,597900
2019-06-28,2231300
2019-07-01,735400
2019-07-02,716800
2019-07-03,250600
2019-07-05,438500
2019-07-08,737900
2019-07-09,476000
2019-07-10,557000
2019-07-11,357900
2019-07-12,476200
2019-07-15,418200
2019-07-16,791900
2019-07-17,440200
2019-07-18,611700
2019-07-19,395900
2019-07-22,542300
2019-07-23,392500
2019-07-24,477600
2019-07-25,557500
2019-07-26,401700
2019-07-29,548900
2019-07-30,510100
2019-07-31,1220200
2019-08-01,956900
2019-08-02,549900
2019-08-05,859400
2019-08-06,620800
2019-08-07,834500
2019-08-08,696000
2019-08-09,420400
2019-08-12,374900
2019-08-13,368200
2019-08-14,620900
2019-08-15,327600
2019-08-16,469300
2019-08-19,589000
2019-08-20,438600
2019-08-21,393300
2019-08-22,520500
2019-08-23,569200
2019-08-26,397000
2019-08-27,609200
2019-08-28,386700
2019-08-29,397200
2019-08-30,703900
2019-09-03,569600
2019-09-04,552800
2019-09-05,570400
2019-09-06,709800
2019-09-09,841200
2019-09-10,819100
2019-09-11,714300
2019-09-12,618900
2019-09-13,641500
2019-09-16,551300
2019-09-17,380400
2019-09-18,414500
2019-09-19,441000
2019-09-20,1127800
2019-09-23,371300
2019-09-24,553100
2019-09-25,504700
2019-09-26,384000
2019-09-27,383700
2019-09-30,872300
2019-10-01,585600
2019-10-02,551000
2019-10-03,376900
2019-10-04,348100
2019-10-07,399500
2019-10-08,344500
2019-10-09,415400
2019-10-10,751200
2019-10-11,667400
2019-10-14,279500
2019-10-15,466000
2019-10-16,390100
2019-10-17,553100
2019-10-18,498500
2019-10-21,703300
2019-10-22,534800
2019-10-23,369100
2019-10-24,346800
2019-10-25,334900
2019-10-28,523100
2019-10-29,568400
2019-10-30,370400
2019-10-31,560900
2019-11-01,460000
2019-11-04,476300
2019-11-05,477000
2019-11-06,468700
2019-11-07,462200
2019-11-08,1526700
2019-11-11,658400
2019-11-12,983400
2019-11-13,469900
2019-11-14,522100
2019-11-15,480500
2019-11-18,424500
2019-11-19,417600
2019-11-20,540500
2019-11-21,345300
2019-11-22,314700
2019-11-25,374900
2019-11-26,610400
2019-11-27,498300
2019-11-29,296200
2019-12-02,606900
2019-12-03,581200
2019-12-04,722600
2019-12-05,643900
2019-12-06,1463300
2019-12-09,879300
2019-12-10,717100
2019-12-11,634800
2019-12-12,517700
2019-12-13,318400
2019-12-16,564800
2019-12-17,628600
2019-12-18,735700
2019-12-19,670700
2019-12-20,1179900
2019-12-23,858600
2019-12-24,188200
2019-12-26,336900
2019-12-27,410500
2019-12-30,603800
2019-12-31,536200
2020-01-02,757700
2020-01-03,411300
2020-01-06,479700
2020-01-07,474800
2020-01-08,564100
2020-01-09,569000
2020-01-10,404300
2020-01-13,515400
2020-01-14,514100
2020-01-15,493800
2020-01-16,441800
2020-01-17,477200
2020-01-21,600600
2020-01-22,505000
2020-01-23,552100
2020-01-24,584800
2020-01-27,689600
2020-01-28,507300
2020-01-29,371700
2020-01-30,305300
2020-01-31,518300
2020-02-03,344400
2020-02-04,478700
2020-02-05,366700
2020-02-06,520700
2020-02-07,402800
2020-02-10,298900
2020-02-11,381700
2020-02-12,385700
2020-02-13,287100
2020-02-14,340800
2020-02-18,428100
2020-02-19,336600
2020-02-20,357500
2020-02-21,498000
2020-02-24,684300
2020-02-25,1185400
2020-02-26,689200
2020-02-27,1725100
2020-02-28,2803300
2020-03-02,1434600
2020-03-03,1496400
2020-03-04,1051100
2020-03-05,1072300
2020-03-06,1241900
2020-03-09,1218600
2020-03-10,887600
2020-03-11,1711100
2020-03-12,2166400
2020-03-13,1915000
2020-03-16,2052400
2020-03-17,5956500
2020-03-18,5760800
2020-03-19,4518700
2020-03-20,5769700
2020-03-23,3479300
2020-03-24,3042300
2020-03-25,4231700
2020-03-26,20229800
2020-03-27,5782800
2020-03-30,3292000
2020-03-31,4152600
2020-04-01,2815900
2020-04-02,5005900
2020-04-03,12080900
2020-04-06,6186000
2020-04-07,10089700
2020-04-08,6930200
2020-04-09,10233900
2020-04-13,5143000
2020-04-14,2777600
2020-04-15,2545300
2020-04-16,2228500
2020-04-17,3120600
2020-04-20,3368800
2020-04-21,2151000
2020-04-22,1533600
2020-04-23,1469900
2020-04-24,1663100
2020-04-27,1762800
2020-04-28,2480400
2020-04-29,3867300
2020-04-30,2593100
2020-05-01,2637400
2020-05-04,1901200
2020-05-05,1612800
2020-05-06,3669900
2020-05-07,2298400
2020-05-08,1391600
2020-05-11,1650500
2020-05-12,2313200
2020-05-13,2020200
2020-05-14,1861700
2020-05-15,1200200
2020-05-18,2090600
2020-05-19,1258100
2020-05-20,1458500
2020-05-21,1031300
2020-05-22,1181400
2020-05-26,1412500
2020-05-27,2059200
2020-05-28,1864000
2020-05-29,2707400
2020-06-01,1590300
2020-06-02,1069400
2020-06-03,1927800
2020-06-04,1929700
2020-06-05,2525100
2020-06-08,3239100
2020-06-09,2201900
2020-06-10,2495000
2020-06-11,2731700
2020-06-12,1152900
2020-06-15,1946700
2020-06-16,1469700
2020-06-17,1170100
2020-06-18,1438900
2020-06-19,2757000
2020-06-22,1136100
2020-06-23,1076200
2020-06-24,1616300
2020-06-25,1127900
2020-06-26,1827000
2020-06-29,1056700
2020-06-30,1004700
2020-07-01,1362300
2020-07-02,1318200
2020-07-06,1125200
2020-07-07,1420800
2020-07-08,1320700
2020-07-09,1263600
2020-07-10,1079500
2020-07-13,1346000
2020-07-14,608500
2020-07-15,1484500
2020-07-16,918900
2020-07-17,681200
2020-07-20,600300
2020-07-21,821200
2020-07-22,873400
2020-07-23,660600
2020-07-24,588700
2020-07-27,833600
2020-07-28,757400
2020-07-29,689100
2020-07-30,878100
2020-07-31,1360300
2020-08-03,919900
2020-08-04,574700
2020-08-05,597000
2020-08-06,730300
2020-08-07,674100
2020-08-10,1013600
2020-08-11,1024900
2020-08-12,665500
2020-08-13,758600
2020-08-14,395700
2020-08-17,556800
2020-08-18,527800
2020-08-19,514400
2020-08-20,900700
2020-08-21,939500
2020-08-24,1172000
2020-08-25,588000
2020-08-26,1943600
2020-08-27,1535300
2020-08-28,1104500
2020-08-31,1554700
2020-09-01,963600
2020-09-02,822800
2020-09-03,947400
2020-09-04,927800
2020-09-08,1541000
2020-09-09,1243100
2020-09-10,937700
2020-09-11,1039100
2020-09-14,1175200
2020-09-15,547800
2020-09-16,588400
2020-09-17,560300
2020-09-18,1347800
2020-09-21,1265000
2020-09-22,901900
2020-09-23,1468900
2020-09-24,1010500
2020-09-25,837800
2020-09-28,1142000
2020-09-29,735700
2020-09-30,924300
2020-10-01,1053100
2020-10-02,1062600
2020-10-05,652100
2020-10-06,1177700
2020-10-07,1039100
2020-10-08,825400
2020-10-09,926500
2020-10-12,693200
2020-10-13,832400
2020-10-14,2012300
2020-10-15,693800
2020-10-16,768200
2020-10-19,1403700
2020-10-20,793700
2020-10-21,598300
2020-10-22,710800
2020-10-23,832300
2020-10-26,675000
2020-10-27,994400
2020-10-28,916300
2020-10-29,994200
2020-10-30,1591600
2020-11-02,1013200
2020-11-03,1279600
2020-11-04,673600
2020-11-05,1115500
2020-11-06,955600
2020-11-09,2771800
2020-11-10,1677700
2020-11-11,1195900
2020-11-12,992700
2020-11-13,904400
2020-11-16,1132500
2020-11-17,1008000
2020-11-18,1442100
2020-11-19,992700
2020-11-20,574200
2020-11-23,833400
2020-11-24,1720800
2020-11-25,1563500
2020-11-27,755000
2020-11-30,1733700
2020-12-01,1007900
2020-12-02,871600
2020-12-03,1084900
2020-12-04,1357900
2020-12-07,1043200
2020-12-08,1292100
2020-12-09,1113400
2020-12-10,558700
2020-12-11,761200
2020-12-14,983800
2020-12-15,668600
2020-12-16,953600
2020-12-17,1098400
2020-12-18,3007600
2020-12-21,1502000
2020-12-22,1014200
2020-12-23,1028600
2020-12-24,371900
2020-12-28,935200
2020-12-29,819400
2020-12-30,916300
2020-12-31,796200
2021-01-04,2146800
2021-01-05,836500
2021-01-06,1361600
2021-01-07,1065500
2021-01-08,917200
2021-01-11,915300
2021-01-12,926800
2021-01-13,1075300
2021-01-14,990900
2021-01-15,1167900
2021-01-19,1176900
2021-01-20,884100
2021-01-21,999600
2021-01-22,733800
2021-01-25,1529600
2021-01-26,1345500
2021-01-27,1307400
2021-01-28,895600
2021-01-29,1407000
2021-02-01,1144800
2021-02-02,1063700
2021-02-03,1082400
2021-02-04,977900
2021-02-05,933800
2021-02-08,631400
2021-02-09,1226400
2021-02-10,696000
2021-02-11,834600
2021-02-12,774000
2021-02-16,1434700
2021-02-17,853500
2021-02-18,829200
2021-02-19,888800
2021-02-22,950800
2021-02-23,1322100
2021-02-24,1324900
2021-02-25,1297500
2021-02-26,1277300
2021-03-01,1030900
2021-03-02,1628600
2021-03-03,1292000
2021-03-04,1379600
2021-03-05,1364400
2021-03-08,1541800
2021-03-09,878300
2021-03-10,1056000
2021-03-11,954000
2021-03-12,663200
2021-03-15,1152800
2021-03-16,627800
2021-03-17,781600
2021-03-18,865400
2021-03-19,2560400
2021-03-22,1099500
2021-03-23,1477200
2021-03-24,1253900
2021-03-25,1437000
2021-03-26,725500
2021-03-29,694700
2021-03-30,452500
2021-03-31,1266300
2021-04-01,639100
2021-04-05,886700
2021-04-06,838300
2021-04-07,498000
2021-04-08,1022700
2021-04-09,438400
2021-04-12,571000
2021-04-13,710600
2021-04-14,952900
2021-04-15,570500
2021-04-16,653400
2021-04-19,675200
2021-04-20,618400
2021-04-21,1343700
2021-04-22,724300
2021-04-23,575500
2021-04-26,562600
2021-04-27,496700
2021-04-28,496800
2021-04-29,682300
2021-04-30,698500
2021-05-03,531300
2021-05-04,706500
2021-05-05,668400
2021-05-06,1011500
2021-05-07,1033200
2021-05-10,756800
2021-05-11,760500
2021-05-12,1453600
2021-05-13,974700
2021-05-14,515100
2021-05-17,578600
2021-05-18,591100
2021-05-19,573500
2021-05-20,524200
2021-05-21,412000
2021-05-24,354500
2021-05-25,570800
2021-05-26,436200
2021-05-27,1995200
2021-05-28,331900
2021-06-01,543700
2021-06-02,450000
2021-06-03,666900
2021-06-04,527100
2021-06-07,882100
2021-06-08,930300
2021-06-09,1264900
2021-06-10,1095300
2021-06-11,579800
2021-06-14,774600
2021-06-15,626500
2021-06-16,491500
2021-06-17,555300
2021-06-18,1491700
2021-06-21,672700
2021-06-22,567000
2021-06-23,461900
2021-06-24,374900
2021-06-25,1508400
2021-06-28,622500
2021-06-29,708000
2021-06-30,495400
2021-07-01,418500
2021-07-02,336800
2021-07-06,477600
2021-07-07,587500
2021-07-08,555000
2021-07-09,488800
2021-07-12,307700
2021-07-13,437400
2021-07-14,423000
2021-07-15,607600
2021-07-16,554100
2021-07-19,964100
2021-07-20,781500
2021-07-21,431500
2021-07-22,339000
2021-07-23,279400
2021-07-26,392000
2021-07-27,310700
2021-07-28,367100
2021-07-29,511300
2021-07-30,700700
2021-08-02,724100
2021-08-03,1662800
2021-08-04,786600
2021-08-05,569000
2021-08-06,365500
2021-08-09,461700
2021-08-10,413800
2021-08-11,651500
2021-08-12,412000
2021-08-13,280800
2021-08-16,284200
2021-08-17,320600
2021-08-18,366700
2021-08-19,835900
2021-08-20,399100
2021-08-23,333200
2021-08-24,367300
2021-08-25,431700
2021-08-26,558600
2021-08-27,491000
2021-08-30,401400
2021-08-31,494600
2021-09-01,503800
2021-09-02,415900
2021-09-03,284500
2021-09-07,484400
2021-09-08,721300
2021-09-09,495100
2021-09-10,723700
2021-09-13,520700
2021-09-14,770300
2021-09-15,699700
2021-09-16,442700
2021-09-17,2631700
2021-09-20,804100
2021-09-21,467900
2021-09-22,554400
2021-09-23,674800
2021-09-24,496000
2021-09-27,590200
2021-09-28,567600
2021-09-29,444600
2021-09-30,873700
2021-10-01,854000
2021-10-04,535900
2021-10-05,466500
2021-10-06,655800
2021-10-07,622700
2021-10-08,323100
2021-10-11,343600
2021-10-12,436400
2021-10-13,546100
2021-10-14,630300
2021-10-15,674400
2021-10-18,469800
2021-10-19,343700
2021-10-20,404900
2021-10-21,553900
2021-10-22,396100
2021-10-25,381000
2021-10-26,474900
2021-10-27,359400
2021-10-28,387900
2021-10-29,889800
2021-11-01,581800
2021-11-02,553100
2021-11-03,470100
2021-11-04,538200
2021-11-05,557600
2021-11-08,324000
2021-11-09,448900
2021-11-10,405500
2021-11-11,415000
2021-11-12,526600
2021-11-15,578200
2021-11-16,561100
2021-11-17,445600
2021-11-18,507700
2021-11-19,538200
2021-11-22,542500
2021-11-23,399200
2021-11-24,338000
2021-11-26,539800
2021-11-29,766000
2021-11-30,1065900
2021-12-01,1167400
2021-12-02,912000
2021-12-03,658700
2021-12-06,485200
2021-12-07,416400
2021-12-08,316200
2021-12-09,906900
2021-12-10,598600
2021-12-13,808400
2021-12-14,1052700
2021-12-15,764000
2021-12-16,1261300
2021-12-17,2055400
2021-12-20,1178500
2021-12-21,1235900
2021-12-22,642500
2021-12-23,446800
2021-12-27,641100
2021-12-28,506600
2021-12-29,432300
2021-12-30,737600
2021-12-31,585200
2022-01-03,697900
2022-01-04,403000
2022-01-05,490600
2022-01-06,327900
2022-01-07,394800
2022-01-10,398700
2022-01-11,450200
2022-01-12,342400
2022-01-13,484700
2022-01-14,441600
2022-01-18,606000
2022-01-19,549700
2022-01-20,460800
2022-01-21,645100
2022-01-24,954800
2022-01-25,690100
2022-01-26,690600
2022-01-27,682200
2022-01-28,834300
2022-01-31,546200
2022-02-01,419400
2022-02-02,416800
2022-02-03,416300
2022-02-04,541700
2022-02-07,337000
2022-02-08,369200
2022-02-09,362800
2022-02-10,796800
2022-02-11,1192700
2022-02-14,701400
2022-02-15,1187400
2022-02-16,639500
2022-02-17,791600
2022-02-18,708600
2022-02-22,1326400
2022-02-23,1368000
2022-02-24,949100
2022-02-25,749400
2022-02-28,1326400
2022-03-01,683600
2022-03-02,443000
2022-03-03,386700
2022-03-04,516400
2022-03-07,1141200
2022-03-08,2006900
2022-03-09,906400
2022-03-10,603600
2022-03-11,385100
2022-03-14,663400
2022-03-15,912700
2022-03-16,725100
2022-03-17,542400
2022-03-18,811600
2022-03-21,625300
2022-03-22,515600
2022-03-23,273800
2022-03-24,383100
2022-03-25,435100
2022-03-28,580500
2022-03-29,461000
2022-03-30,386300
2022-03-31,391100
2022-04-01,583800
2022-04-04,529500
2022-04-05,798500
2022-04-06,808600
2022-04-07,980900
2022-04-08,574800
2022-04-11,623400
2022-04-12,819300
2022-04-13,1019000
2022-04-14,1000600
2022-04-18,832700
2022-04-19,874000
2022-04-20,638300
2022-04-21,803100
2022-04-22,425000
2022-04-25,526300
2022-04-26,519700
2022-04-27,434600
2022-04-28,477000
2022-04-29,729300
2022-05-02,988100
2022-05-03,773100
2022-05-04,709100
2022-05-05,596300
2022-05-06,675300
2022-05-09,865000
2022-05-10,1017000
2022-05-11,739100
2022-05-12,1048700
2022-05-13,416800
2022-05-16,300400
2022-05-17,640100
2022-05-18,594700
2022-05-19,597800
2022-05-20,494400
2022-05-23,346700
2022-05-24,444400
2022-05-25,374300
2022-05-26,516600
2022-05-27,309700
2022-05-31,460600
2022-06-01,699200
2022-06-02,485700
2022-06-03,429200
2022-06-06,576700
2022-06-07,457500
2022-06-08,316900
2022-06-09,427200
2022-06-10,358300
2022-06-13,1223300
2022-06-14,981700
2022-06-15,636700
2022-06-16,1134400
2022-06-17,1452700
2022-06-21,915600
2022-06-22,863100
2022-06-23,738600
2022-06-24,1080600
2022-06-27,454000
2022-06-28,753800
2022-06-29,480000
2022-06-30,547100
2022-07-01,705100
2022-07-05,542500
2022-07-06,323700
2022-07-07,324500
2022-07-08,531800
2022-07-11,328900
2022-07-12,367700
2022-07-13,458300
2022-07-14,528500
2022-07-15,495200
2022-07-18,524900
2022-07-19,437000
2022-07-20,462900
2022-07-21,300800
2022-07-22,480100
2022-07-25,332500
2022-07-26,534700
2022-07-27,749900
2022-07-28,861800
2022-07-29,664800
2022-08-01,724500
2022-08-02,813600
2022-08-03,405500
2022-08-04,387900
2022-08-05,261100
2022-08-08,1204700
2022-08-09,412700
2022-08-10,487700
2022-08-11,425900
2022-08-12,936700
2022-08-15,485700
2022-08-16,683100
2022-08-17,395200
2022-08-18,257200
2022-08-19,355200
2022-08-22,309500
2022-08-23,293200
2022-08-24,274000
2022-08-25,241600
2022-08-26,396600
2022-08-29,475300
2022-08-30,471300
2022-08-31,428700
2022-09-01,533900
2022-09-02,376700
2022-09-06,320000
2022-09-07,357100
2022-09-08,388000
2022-09-09,267300
2022-09-12,335300
2022-09-13,660800
2022-09-14,319500
2022-09-15,526800
2022-09-16,1317900
2022-09-19,468600
2022-09-20,741400
2022-09-21,414800
2022-09-22,424400
2022-09-23,760900
2022-09-26,878700
2022-09-27,898800
2022-09-28,845300
2022-09-29,1512100
2022-09-30,2089100
2022-10-03,1950000
2022-10-04,2741700
2022-10-05,1052200
2022-10-06,1314100
2022-10-07,1289100
2022-10-10,948000
2022-10-11,1032400
2022-10-12,688500
2022-10-13,833700
2022-10-14,508500
2022-10-17,753600
2022-10-18,1042500
2022-10-19,382200
2022-10-20,535000
2022-10-21,517700
2022-10-24,389300
2022-10-25,1132200
2022-10-26,647900
2022-10-27,649900
2022-10-28,813300
2022-10-31,938000
2022-11-01,1045200
2022-11-02,975700
2022-11-03,405100
2022-11-04,616700
2022-11-07,425300
2022-11-08,423500
2022-11-09,409400
2022-11-10,651500
2022-11-11,688500
2022-11-14,841100
2022-11-15,792100
2022-11-16,813100
2022-11-17,476100
2022-11-18,479100
2022-11-21,402100
2022-11-22,820700
2022-11-23,613800
2022-11-25,153700
2022-11-28,791100
2022-11-29,473800
2022-11-30,991300
2022-12-01,3127700
2022-12-02,1095000
2022-12-05,502900
2022-12-06,955200
2022-12-07,629200
2022-12-08,373900
2022-12-09,410600
2022-12-12,821600
2022-12-13,707000
2022-12-14,632900
2022-12-15,596200
2022-12-16,1316700
2022-12-19,768800
2022-12-20,933200
2022-12-21,540000
2022-12-22,449400
2022-12-23,253700
2022-12-27,421600
2022-12-28,626300
2022-12-29,725800
2022-12-30,993600
2023-01-03,763800
2023-01-04,554100
2023-01-05,364400
2023-01-06,356600
2023-01-09,429000
2023-01-10,352900
2023-01-11,348300
2023-01-12,548400
2023-01-13,535100
2023-01-17,586900
2023-01-18,502700
2023-01-19,491100
2023-01-20,543200
2023-01-23,365800
2023-01-24,319000
2023-01-25,335500
2023-01-26,367100
2023-01-27,429900
2023-01-30,422700
2023-01-31,1217800
2023-02-01,793100
2023-02-02,859400
2023-02-03,955100
2023-02-06,526100
2023-02-07,998200
2023-02-08,454000
2023-02-09,624100
2023-02-10,989400
2023-02-13,1533700
2023-02-14,626800
2023-02-15,431500
2023-02-16,703500
2023-02-17,626100
2023-02-21,703900
2023-02-22,721100
2023-02-23,537400
2023-02-24,638600
2023-02-27,985100
2023-02-28,538800
2023-03-01,874800
2023-03-02,516600
2023-03-03,353100
2023-03-06,385800
2023-03-07,478200
2023-03-08,520600
2023-03-09,908000
2023-03-10,901000
2023-03-13,2300900
2023-03-14,1733400
2023-03-15,1755900
2023-03-16,1497800
2023-03-17,1828000
2023-03-20,1229000
2023-03-21,1062800
2023-03-22,1680000
2023-03-23,1014400
2023-03-24,1186800
2023-03-27,1102000
2023-03-28,807300
2023-03-29,1029200
2023-03-30,578800
2023-03-31,1041000
2023-04-03,662000
2023-04-04,1053400
2023-04-05,1236200
2023-04-06,724100
2023-04-10,2392000
2023-04-11,910400
2023-04-12,703900
2023-04-13,800100
2023-04-14,521000
2023-04-17,779300
2023-04-18,719300
2023-04-19,581700
2023-04-20,595400
2023-04-21,504600
2023-04-24,440800
2023-04-25,1001300
2023-04-26,804900
2023-04-27,620900
2023-04-28,821800
2023-05-01,831100
2023-05-02,1062600
2023-05-03,863800
2023-05-04,989000
2023-05-05,600300
2023-05-08,562700
2023-05-09,427200
2023-05-10,470400
2023-05-11,405400
2023-05-12,419500
2023-05-15,583600
2023-05-16,333000
2023-05-17,513800
2023-05-18,316100
2023-05-19,571400
2023-05-22,550600
2023-05-23,628100
2023-05-24,712400
2023-05-25,501600
2023-05-26,510900
2023-05-30,642900
2023-05-31,904700
2023-06-01,668800
2023-06-02,753700
2023-06-05,527300
2023-06-06,568300
2023-06-07,657900
2023-06-08,680700
2023-06-09,475100
2023-06-12,685800
2023-06-13,716300
2023-06-14,694700
2023-06-15,586700
2023-06-16,1007700
2023-06-20,450200
2023-06-21,610600
2023-06-22,498800
2023-06-23,1128100
2023-06-26,736100
2023-06-27,402400
2023-06-28,456200
2023-06-29,494900
2023-06-30,656900
2023-07-03,428200
2023-07-05,571100
2023-07-06,547800
2023-07-07,429000
2023-07-10,567700
2023-07-11,477000
2023-07-12,1791300
2023-07-13,1631800
2023-07-14,933700
2023-07-17,841000
2023-07-18,724600
2023-07-19,743800
2023-07-20,985000
2023-07-21,521100
2023-07-24,737200
2023-07-25,572300
2023-07-26,488900
2023-07-27,1108000
2023-07-28,1238300
2023-07-31,809700
2023-08-01,549900
2023-08-02,516600
2023-08-03,444400
2023-08-04,383400
2023-08-07,305400
2023-08-08,291000
2023-08-09,341900
2023-08-10,367200
2023-08-11,339300
2023-08-14,384600
2023-08-15,386400
2023-08-16,579500
2023-08-17,448700
2023-08-18,753200
2023-08-21,1011400
2023-08-22,468100
2023-08-23,317700
2023-08-24,491900
2023-08-25,265300
2023-08-28,284500
2023-08-29,306300
2023-08-30,328900
2023-08-31,718900
2023-09-01,407900
2023-09-05,404500
2023-09-06,340600
2023-09-07,527500
2023-09-08,251400
2023-09-11,327000
2023-09-12,293000
2023-09-13,489400
2023-09-14,367200
2023-09-15,735400
2023-09-18,468600
2023-09-19,377000
2023-09-20,403000
2023-09-21,458400
2023-09-22,645400
2023-09-25,563000
2023-09-26,577600
2023-09-27,741100
2023-09-28,506600
2023-09-29,504800
2023-10-02,552200
2023-10-03,486800
2023-10-04,586400
2023-10-05,635400
2023-10-06,1703800
2023-10-09,456200
2023-10-10,620300
2023-10-11,441200
2023-10-12,504300
2023-10-13,362400
2023-10-16,534100
2023-10-17,687500
2023-10-18,544200
2023-10-19,495000
2023-10-20,1699500
2023-10-23,738200
2023-10-24,611900
2023-10-25,525400
2023-10-26,939100
2023-10-27,709300
2023-10-30,1573200
2023-10-31,1214700
2023-11-01,701700
2023-11-02,700700
2023-11-03,562500
2023-11-06,349400
2023-11-07,316400
2023-11-08,610400
2023-11-09,484100
2023-11-10,356200
2023-11-13,215900
2023-11-14,1309600
2023-11-15,1051800
2023-11-16,775600
2023-11-17,952000
2023-11-20,690000
2023-11-21,283400
2023-11-22,416300
2023-11-24,276500
2023-11-27,774900
2023-11-28,1251900
2023-11-29,1055700
2023-11-30,768100
2023-12-01,604500
2023-12-04,442400
2023-12-05,362400
2023-12-06,661200
2023-12-07,467300
2023-12-08,339100
2023-12-11,578500
2023-12-12,735500
2023-12-13,662400
2023-12-14,1294200
2023-12-15,1441100
2023-12-18,713000
2023-12-19,636700
2023-12-20,922000
2023-12-21,522600
2023-12-22,459300
2023-12-26,342400
2023-12-27,541300
2023-12-28,557500
2023-12-29,643200
2024-01-02,1305400
2024-01-03,693200
2024-01-04,464200
2024-01-05,496700
2024-01-08,617400
2024-01-09,2163500
2024-01-10,745900
2024-01-11,585100
2024-01-12,467900
2024-01-16,758700
2024-01-17,561400
2024-01-18,627100
2024-01-19,630800
2024-01-22,360600
2024-01-23,345700
2024-01-24,342600
2024-01-25,659400
2024-01-26,332500
2024-01-29,391900
2024-01-30,494000
2024-01-31,670400
2024-02-01,703500
2024-02-02,533200
2024-02-05,1144400
2024-02-06,505500
2024-02-07,1158900
2024-02-08,1246500
2024-02-09,1166800
2024-02-12,971100
2024-02-13,921300
2024-02-14,749400
2024-02-15,801800
2024-02-16,594200
2024-02-20,577200
2024-02-21,488100
2024-02-22,475100
2024-02-23,374400
2024-02-26,721200
2024-02-27,403200
2024-02-28,352700
2024-02-29,1154600
2024-03-01,896600
2024-03-04,823200
2024-03-05,655700
2024-03-06,406500
2024-03-07,606300
2024-03-08,562000
2024-03-11,359400
2024-03-12,438600
2024-03-13,824000
2024-03-14,580100
2024-03-15,1045800
2024-03-18,497900
2024-03-19,430400
2024-03-20,452000
2024-03-21,625100
2024-03-22,435300
2024-03-25,409300
2024-03-26,470100
2024-03-27,515800
2024-03-28,528800
2024-04-01,651700
2024-04-02,658000
2024-04-03,415600
2024-04-04,405100
2024-04-05,654900
2024-04-08,290100
2024-04-09,576900
2024-04-10,898500
2024-04-11,587400
2024-04-12,340400
2024-04-15,576300
2024-04-16,658800
2024-04-17,682700
2024-04-18,469000
2024-04-19,473400
2024-04-22,287400
2024-04-23,333200
2024-04-24,742600
2024-04-25,1281800
2024-04-26,670700
2024-04-29,665500
2024-04-30,741700
2024-05-01,458300
2024-05-02,544800
2024-05-03,344400
2024-05-06,284100
2024-05-07,481200
2024-05-08,280500
2024-05-09,298500
2024-05-10,289800
2024-05-13,305500
2024-05-14,376200
2024-05-15,405700
2024-05-16,425300
2024-05-17,410300
2024-05-20,323200
2024-05-21,442800
2024-05-22,285800
2024-05-23,384500
2024-05-24,431600
2024-05-28,462300
2024-05-29,520500
2024-05-30,346200
2024-05-31,641700
2024-06-03,506500
2024-06-04,535700
2024-06-05,476100
2024-06-06,450300
2024-06-07,421200
2024-06-10,268500
2024-06-11,484600
2024-06-12,628000
2024-06-13,281500
2024-06-14,366700
2024-06-17,429700
2024-06-18,476400
2024-06-20,415600
2024-06-21,942100
2024-06-24,633800
2024-06-25,543400
2024-06-26,496600
2024-06-27,529200
2024-06-28,1450100
2024-07-01,607200
2024-07-02,358600
2024-07-03,244100
2024-07-05,390200
2024-07-08,393300
2024-07-09,388200
2024-07-10,667000
2024-07-11,662200
2024-07-12,854200
2024-07-15,690600
2024-07-16,739200
2024-07-17,665300
2024-07-18,623000
2024-07-19,657000
2024-07-22,538600
2024-07-23,1235000
2024-07-24,1220300
2024-07-25,1308700
2024-07-26,518700
2024-07-29,637200
2024-07-30,787400
2024-07-31,853600
2024-08-01,796100
2024-08-02,668800
2024-08-05,755100
2024-08-06,659900
2024-08-07,624800
2024-08-08,348700
2024-08-09,325400
2024-08-12,464800
2024-08-13,496800
2024-08-14,565300
2024-08-15,578100
2024-08-16,315500
2024-08-19,396700
2024-08-20,308700
2024-08-21,427200
2024-08-22,333000
2024-08-23,363100
2024-08-26,439800
2024-08-27,455400
2024-08-28,376800
2024-08-29,602700
2024-08-30,990600
2024-09-03,987900
2024-09-04,495600
2024-09-05,472600
2024-09-06,390700
2024-09-09,286700
2024-09-10,374400
2024-09-11,380200
2024-09-12,412900
2024-09-13,789000
2024-09-16,706200
2024-09-17,1150700
2024-09-18,654600
2024-09-19,1050900
2024-09-20,4326600
2024-09-23,421200
2024-09-24,633000
2024-09-25,825300
2024-09-26,644000
2024-09-27,1001200
2024-09-30,733800
2024-10-01,992800
2024-10-02,635100
2024-10-03,829000
2024-10-04,900500
2024-10-07,856700
2024-10-08,969500
2024-10-09,691800
2024-10-10,429400
2024-10-11,657100
2024-10-14,594200
2024-10-15,838600
2024-10-16,722400
2024-10-17,721000
2024-10-18,526200
2024-10-21,778500
2024-10-22,471900
2024-10-23,797100
2024-10-24,930600
2024-10-25,775900
2024-10-28,620600
2024-10-29,594000
2024-10-30,602900
2024-10-31,1093500
2024-11-01,2648800
2024-11-04,693800
2024-11-05,608700
2024-11-06,1168900
2024-11-07,550000
2024-11-08,557100
2024-11-11,542400
2024-11-12,521600
2024-11-13,454600
2024-11-14,605300
2024-11-15,365000
2024-11-18,424100
2024-11-19,426900
2024-11-20,319700
2024-11-21,345000
2024-11-22,1281800
2024-11-25,969300
2024-11-26,990900
2024-11-27,463800
2024-11-29,351600
2024-12-02,419800
2024-12-03,752400
2024-12-04,545000
2024-12-05,561700
2024-12-06,444700
2024-12-09,528900
2024-12-10,413900
2024-12-11,472900
2024-12-12,572200
2024-12-13,740000
2024-12-16,592300
2024-12-17,706700
2024-12-18,952000
2024-12-19,683900
2024-12-20,1367500
2024-12-23,588000
2024-12-24,411800
2024-12-26,521800
2024-12-27,543000
2024-12-30,1054400
2024-12-31,793900
2025-01-02,564500
2025-01-03,344400
2025-01-06,621800
2025-01-07,969500
2025-01-08,542300
2025-01-10,898300
2025-01-13,560200
2025-01-14,751500
2025-01-15,776000
2025-01-16,463100
2025-01-17,360200
2025-01-21,424700
2025-01-22,444200
2025-01-23,485900
2025-01-24,327300
2025-01-27,386400
2025-01-28,422700
2025-01-29,356500
2025-01-30,460800
2025-01-31,513000
2025-02-03,1516400
2025-02-04,597600
2025-02-05,525100
2025-02-06,881000
2025-02-07,674500
2025-02-10,655600
2025-02-11,463600
2025-02-12,560000
2025-02-13,554500
2025-02-14,368500
2025-02-18,365400
2025-02-19,351000
2025-02-20,334500
2025-02-21,398900
2025-02-24,332400
2025-02-25,597900
2025-02-26,482400
2025-02-27,386500
2025-02-28,603000
2025-03-03,547000
2025-03-04,565100
2025-03-05,458800
2025-03-06,481500
2025-03-07,686100
2025-03-10,563700
2025-03-11,690700
2025-03-12,464500
2025-03-13,351200
2025-03-14,294900
2025-03-17,411600
2025-03-18,395000
2025-03-19,500200
2025-03-20,303200
2025-03-21,1255600
2025-03-24,507700
2025-03-25,357000
2025-03-26,373600
2025-03-27,391000
2025-03-28,642500
2025-03-31,622800
2025-04-01,502200
2025-04-02,454200
2025-04-03,559200
2025-04-04,978200
2025-04-07,1280300
2025-04-08,992500
2025-04-09,1569400
2025-04-10,1416600
2025-04-11,744600
2025-04-14,1292100
2025-04-15,744700
2025-04-16,670000
2025-04-17,598600
2025-04-21,704700
2025-04-22,966600
2025-04-23,937400
2025-04-24,1509300
2025-04-25,1002700
2025-04-28,699200
2025-04-29,1776500
2025-04-30,656700
2025-05-01,492400
2025-05-02,485700
2025-05-05,585400
2025-05-06,395800
2025-05-07,517900
2025-05-08,333500
2025-05-09,660800
2025-05-12,689500
2025-05-13,437800
2025-05-14,512600
2025-05-15,361900
2025-05-16,551900
2025-05-19,471900
2025-05-20,518100
2025-05-21,638300
2025-05-22,907500
2025-05-23,961600
2025-05-27,441800
2025-05-28,533000
2025-05-29,434500
2025-05-30,1004800
2025-06-02,698000
2025-06-03,572400
2025-06-04,390400
2025-06-05,746500
2025-06-06,644600
2025-06-09,483600
2025-06-10,426200
2025-06-11,495300
2025-06-12,359600
2025-06-13,728300
2025-06-16,1191700
2025-06-17,559600
2025-06-18,502400
2025-06-20,919600
2025-06-23,717600
2025-06-24,591500
2025-06-25,637700
2025-06-26,810700
2025-06-27,1533200
2025-06-30,1056000
2025-07-01,981200
2025-07-02,846600
2025-07-03,278800
2025-07-07,1092800
2025-07-08,458600
2025-07-09,607400
2025-07-10,623900
2025-07-11,1159000
2025-07-14,1173800
2025-07-15,759800
2025-07-16,1028200
2025-07-17,1656200
2025-07-18,986100
2025-07-21,921200
2025-07-22,766700
2025-07-23,684100
2025-07-24,896700
2025-07-25,992500
2025-07-28,687000
2025-07-29,682700
2025-07-30,905300
2025-07-31,799800
2025-08-01,755300
2025-08-04,959500
2025-08-05,966300
2025-08-06,658000
2025-08-07,523500
2025-08-08,397800
2025-08-11,439500
2025-08-12,432100
2025-08-13,527300
2025-08-14,376900
2025-08-15,439700
2025-08-18,386000
2025-08-19,486000
2025-08-20,472400
2025-08-21,449300
2025-08-22,731100
2025-08-25,293000
2025-08-26,795800
2025-08-27,324000
2025-08-28,469900
2025-08-29,572200
2025-09-02,697600
2025-09-03,427300
2025-09-04,367200
2025-09-05,621000
2025-09-08,601000
2025-09-09,561000
2025-09-10,504600
2025-09-11,753000
2025-09-12,458000
2025-09-15,663600
2025-09-16,1137700
2025-09-17,840700
2025-09-18,690500
2025-09-19,1119700
2025-09-22,723900
2025-09-23,615600
2025-09-24,547600
2025-09-25,506200
2025-09-26,957900
2025-09-29,911300
2025-09-30,936700
2025-10-01,787400
2025-10-02,606000
2025-10-03,513500
2025-10-06,759000
2025-10-07,963300
2025-10-08,529300
2025-10-09,744600
2025-10-10,727200
2025-10-13,531800
2025-10-14,704600
2025-10-15,695400
2025-10-16,813500
2025-10-17,524700
2025-10-20,694700
2025-10-21,722500
2025-10-22,919500
2025-10-23,1184700
2025-10-24,1122200
2025-10-27,954200
2025-10-28,874600
2025-10-29,823800
2025-10-30,935400
2025-10-31,757300
2025-11-03,673000
2025-11-04,662200
2025-11-05,393500
2025-11-06,469400
2025-11-07,715000
2025-11-10,564400
2025-11-11,620000
2025-11-12,604100
2025-11-13,602900
2025-11-14,550400
2025-11-17,649100
2025-11-18,538900
2025-11-19,537900
2025-11-20,522400
2025-11-21,674300
2025-11-24,838100
2025-11-25,685000
2025-11-26,645600
2025-11-28,297400
2025-12-01,1031500
2025-12-02,913700
2025-12-03,862800
2025-12-04,941900
2025-12-05,631900
2025-12-08,899100
2025-12-09,681700
2025-12-10,611100
2025-12-11,577500
2025-12-12,707200
2025-12-15,1063000
2025-12-16,699900
2025-12-17,1025500
2025-12-18,758000
2025-12-19,1772000
2025-12-22,738400
2025-12-23,402800
2025-12-24,267400
2025-12-26,363300
2025-12-29,615600
2025-12-30,565100
2025-12-31,594400
2026-01-02,555600
2026-01-05,942300
2026-01-06,1010900
2026-01-07,1221700
2026-01-08,847600
2026-01-09,853900
2026-01-12,608900
2026-01-13,458300
2026-01-14,646000
2026-01-15,641200
2026-01-16,546000
2026-01-20,681600
2026-01-21,505200
2026-01-22,472300
2026-01-23,447800
2026-01-26,446200
2026-01-27,289900
2026-01-28,522100
2026-01-29,525800
2026-01-30,929700
2026-02-02,1014000
2026-02-03,739900
2026-02-04,902100
2026-02-05,1699800
2026-02-06,1403800
2026-02-09,881100
2026-02-10,557000
2026-02-11,1451800
2026-02-12,651000
2026-02-13,519100
2026-02-17,444300
2026-02-18,447700
2026-02-19,378700
2026-02-20,404100
2026-02-23,465800
2026-02-24,540500
2026-02-25,452300
2026-02-26,385500
2026-02-27,865500
2026-03-02,554300
2026-03-03,552400
2026-03-04,453600
2026-03-05,681700
2026-03-06,686700
2026-03-09,820400
2026-03-10,667400
2026-03-11,766100
2026-03-12,814500
2026-03-13,837700
2026-03-16,715000
2026-03-17,930300
2026-03-18,849500
2026-03-19,915000
2026-03-20,2054600
2026-03-23,1082700
2026-03-24,864000
2026-03-25,670000
2026-03-26,867300
2026-03-27,1058557
